list(hc = c(0.00295984513453709, 0.00195375564089164, 0.00237152705776249, 
0.00180120636160468, 0.0017565798858814, 0.00207933728793592, 
0.00136522579998208, 0.00326906783647151, 0.00237261374319932, 
0.00178090362935446, 0.00173007338509896, 0.00148602344729468, 
0.00245500520644695, 0.00195755005929233, 0.0032138112840416, 
0.00261498711460707, 0.0017208634824569, 0.00282047116925502, 
0.00193082926294476, 0.00182340991612494, 0.00145269195500822, 
0.00205029261123012, 0.00232662027455275, 0.00215411932505702, 
0.00305037775167824, 0.00271323990148979, 0.0021589195856342, 
0.00253491303217313, 0.00170703214378069, 0.00174083084263326, 
0.00187791865879387, 0.0019600361812172, 0.00295381961491572, 
0.00221024056304711, 0.00195738441635971, 0.00193699756207445, 
0.00182969433954746, 0.0015911724221641, 0.00258533935526873, 
0.00297316693063682, 0.00301979066995488, 0.00229968354595754, 
0.00246654453169479, 0.00139392571106909, 0.00188356044247125, 
0.00156995468928199, 0.00280330649247105, 0.00290181090983419, 
0.00153057976972872, 0.0021846656405872), tabu = c(0.00228433803348128, 
0.00260597780984798, 0.00179474003767896, 0.00145868369534526, 
0.00270948641423213, 0.00185867498940349, 0.00189926499206009, 
0.00184863379155354, 0.00276105272065996, 0.00253996009052194, 
0.00228075540721637, 0.00215314303796324, 0.00205923714705641, 
0.00252900940939432, 0.00191180408901676, 0.00238313649448773, 
0.00198910970727649, 0.00220715267929278, 0.0020556632070493, 
0.00240578940542953, 0.0015382190626376, 0.00211124123680266, 
0.00229026492276643, 0.00197427003921797, 0.00298977241666753, 
0.00212643555572329, 0.00220153967038844, 0.0018043776041756, 
0.00251564179788089, 0.00223288190022075, 0.00213136240808553, 
0.00225801328903345, 0.00142863218976133, 0.00194938767523102, 
0.00304991952149429, 0.00187648602629152, 0.00268263914194829, 
0.00180394321822016, 0.00316894620180203, 0.00133886224110344, 
0.00256206426252312, 0.00206271572628092, 0.00204131431485803, 
0.0029820260526414, 0.00128882999918095, 0.00152677136756425, 
0.0021586609241012, 0.0022385591564738, 0.00196893459102632, 
0.00301469898233938))
